MAE: 0.7899623212333483
RMSE: 0.9858892450748153
R2: 0.5714053773314943
